search_width=0.5
fes='fes_averaged-60-491'
invert=1
x_points = [[-0.40,-2.74],[-0.12, 2.11],[ 0.68, 2.91]]
y_points = [[-1.46,-2.52],[-1.17,-3.03],[-0.05,-1.91]]
minz=-15
ring_location=[[0.91976558,-1.75777755],[-0.29351581,-1.50070987],[-1.26542814,-0.49920235]]
area=[0.5,0.5,0.5]
step =2.5
picture='/sansom/s136/bioc1534/Documents/MD/A2a/metadynamics/extracellular/A2A_hills/picture.tga'
picture_loc=[2.7,-3.2, 3.1,-3.1]
lim_ux=125
lim_ly= -30
label_loc_x=123
label_loc_y=15